#XYs, alpha=3.0
0.000000000000000000e+00,0.000000000000000000e+00,1.179470440366597005e-02
0.000000000000000000e+00,5.263157894736841813e-02,1.106418037066763359e-02
0.000000000000000000e+00,1.052631578947368363e-01,1.139164566501257511e-02
0.000000000000000000e+00,1.578947368421052544e-01,1.187338345287172400e-02
0.000000000000000000e+00,2.105263157894736725e-01,1.499636583238319297e-02
0.000000000000000000e+00,2.631578947368420907e-01,1.575128217935596944e-02
0.000000000000000000e+00,3.157894736842105088e-01,1.627190671826286850e-02
0.000000000000000000e+00,3.684210526315789269e-01,1.693062066238809615e-02
0.000000000000000000e+00,4.210526315789473450e-01,1.769345234611849338e-02
0.000000000000000000e+00,4.736842105263157632e-01,1.839722865924902501e-02
0.000000000000000000e+00,5.263157894736841813e-01,1.941313178822606095e-02
0.000000000000000000e+00,5.789473684210526550e-01,2.061101115479406151e-02
0.000000000000000000e+00,6.315789473684210176e-01,2.252817491926122420e-02
0.000000000000000000e+00,6.842105263157893802e-01,1.997268341816506657e-02
0.000000000000000000e+00,7.368421052631578538e-01,1.967021615671582166e-02
0.000000000000000000e+00,7.894736842105263275e-01,1.990229402796169639e-02
0.000000000000000000e+00,8.421052631578946901e-01,1.851078363154145742e-02
0.000000000000000000e+00,8.947368421052630527e-01,1.740028161546493604e-02
0.000000000000000000e+00,9.473684210526315264e-01,1.664074998349059434e-02
0.000000000000000000e+00,1.000000000000000000e+00,1.610852320143806721e-02
5.263157894736841813e-02,0.000000000000000000e+00,1.189754846467210893e-02
5.263157894736841813e-02,5.263157894736841813e-02,1.220629648399327791e-02
5.263157894736841813e-02,1.052631578947368363e-01,1.333241805693324324e-02
5.263157894736841813e-02,1.578947368421052544e-01,1.258035442996552344e-02
5.263157894736841813e-02,2.105263157894736725e-01,1.469139399117547727e-02
5.263157894736841813e-02,2.631578947368420907e-01,1.590356467165945226e-02
5.263157894736841813e-02,3.157894736842105088e-01,1.675419276779633107e-02
5.263157894736841813e-02,3.684210526315789269e-01,1.781678811717000641e-02
5.263157894736841813e-02,4.210526315789473450e-01,1.892919565028391635e-02
5.263157894736841813e-02,4.736842105263157632e-01,2.003791353371929887e-02
5.263157894736841813e-02,5.263157894736841813e-01,2.075034125307119795e-02
5.263157894736841813e-02,5.789473684210526550e-01,2.095204648876020440e-02
5.263157894736841813e-02,6.315789473684210176e-01,2.126350719872858314e-02
5.263157894736841813e-02,6.842105263157893802e-01,2.005378627222904539e-02
5.263157894736841813e-02,7.368421052631578538e-01,1.399985899429360969e-02
5.263157894736841813e-02,7.894736842105263275e-01,1.603795539321615365e-02
5.263157894736841813e-02,8.421052631578946901e-01,1.635421945820410977e-02
5.263157894736841813e-02,8.947368421052630527e-01,1.583715694519583633e-02
5.263157894736841813e-02,9.473684210526315264e-01,1.549589694128581351e-02
5.263157894736841813e-02,1.000000000000000000e+00,1.530926480067460946e-02
1.052631578947368363e-01,0.000000000000000000e+00,1.107349733324891269e-02
1.052631578947368363e-01,5.263157894736841813e-02,1.163116549882401048e-02
1.052631578947368363e-01,1.052631578947368363e-01,1.300996547535134863e-02
1.052631578947368363e-01,1.578947368421052544e-01,1.519530568627067493e-02
1.052631578947368363e-01,2.105263157894736725e-01,1.263037645539534862e-02
1.052631578947368363e-01,2.631578947368420907e-01,1.617393757406324767e-02
1.052631578947368363e-01,3.157894736842105088e-01,1.754817549748020553e-02
1.052631578947368363e-01,3.684210526315789269e-01,1.891009582209281920e-02
1.052631578947368363e-01,4.210526315789473450e-01,1.990660507292056278e-02
1.052631578947368363e-01,4.736842105263157632e-01,2.048836826490297441e-02
1.052631578947368363e-01,5.263157894736841813e-01,2.091500356250430154e-02
1.052631578947368363e-01,5.789473684210526550e-01,2.110394245388457282e-02
1.052631578947368363e-01,6.315789473684210176e-01,2.048360266950665504e-02
1.052631578947368363e-01,6.842105263157893802e-01,1.777131784292355215e-02
1.052631578947368363e-01,7.368421052631578538e-01,1.405478964389529975e-02
1.052631578947368363e-01,7.894736842105263275e-01,1.312853782668783886e-02
1.052631578947368363e-01,8.421052631578946901e-01,1.368635322653267462e-02
1.052631578947368363e-01,8.947368421052630527e-01,1.410157822569582317e-02
1.052631578947368363e-01,9.473684210526315264e-01,1.429640769655469643e-02
1.052631578947368363e-01,1.000000000000000000e+00,1.448794630741605596e-02
1.578947368421052544e-01,0.000000000000000000e+00,9.668535696700267593e-03
1.578947368421052544e-01,5.263157894736841813e-02,1.005551805403996982e-02
1.578947368421052544e-01,1.052631578947368363e-01,1.193932000910733968e-02
1.578947368421052544e-01,1.578947368421052544e-01,1.452829199775009308e-02
1.578947368421052544e-01,2.105263157894736725e-01,1.633257916007841565e-02
1.578947368421052544e-01,2.631578947368420907e-01,1.656343544166848439e-02
1.578947368421052544e-01,3.157894736842105088e-01,1.843848843944675270e-02
1.578947368421052544e-01,3.684210526315789269e-01,1.914769673900078295e-02
1.578947368421052544e-01,4.210526315789473450e-01,1.975147944523722096e-02
1.578947368421052544e-01,4.736842105263157632e-01,2.027671523912080720e-02
1.578947368421052544e-01,5.263157894736841813e-01,2.057760601232260650e-02
1.578947368421052544e-01,5.789473684210526550e-01,2.042733124545850418e-02
1.578947368421052544e-01,6.315789473684210176e-01,1.927932994504044303e-02
1.578947368421052544e-01,6.842105263157893802e-01,1.679137300085433576e-02
1.578947368421052544e-01,7.368421052631578538e-01,1.397235240097693953e-02
1.578947368421052544e-01,7.894736842105263275e-01,1.249176990097110827e-02
1.578947368421052544e-01,8.421052631578946901e-01,1.231764692441642516e-02
1.578947368421052544e-01,8.947368421052630527e-01,1.274758966122025231e-02
1.578947368421052544e-01,9.473684210526315264e-01,1.322712383428815627e-02
1.578947368421052544e-01,1.000000000000000000e+00,1.373117720670900821e-02
2.105263157894736725e-01,0.000000000000000000e+00,7.999648142733576522e-03
2.105263157894736725e-01,5.263157894736841813e-02,7.637944712779723075e-03
2.105263157894736725e-01,1.052631578947368363e-01,8.193650971287484708e-03
2.105263157894736725e-01,1.578947368421052544e-01,1.075836134271308288e-02
2.105263157894736725e-01,2.105263157894736725e-01,1.302620534270442811e-02
2.105263157894736725e-01,2.631578947368420907e-01,1.783498395127043959e-02
2.105263157894736725e-01,3.157894736842105088e-01,1.601724941074183020e-02
2.105263157894736725e-01,3.684210526315789269e-01,1.716940456342202354e-02
2.105263157894736725e-01,4.210526315789473450e-01,1.818958365946351727e-02
2.105263157894736725e-01,4.736842105263157632e-01,1.899045151656040403e-02
2.105263157894736725e-01,5.263157894736841813e-01,1.946984838369545875e-02
2.105263157894736725e-01,5.789473684210526550e-01,1.942188501212220586e-02
2.105263157894736725e-01,6.315789473684210176e-01,1.830654208910579075e-02
2.105263157894736725e-01,6.842105263157893802e-01,1.614001880273766704e-02
2.105263157894736725e-01,7.368421052631578538e-01,1.379225944901921706e-02
2.105263157894736725e-01,7.894736842105263275e-01,1.217534931761422683e-02
2.105263157894736725e-01,8.421052631578946901e-01,1.160526315173484799e-02
2.105263157894736725e-01,8.947368421052630527e-01,1.179492708231959230e-02
2.105263157894736725e-01,9.473684210526315264e-01,1.240451666921521881e-02
2.105263157894736725e-01,1.000000000000000000e+00,1.315206457451078073e-02
2.631578947368420907e-01,0.000000000000000000e+00,6.009838064916188730e-03
2.631578947368420907e-01,5.263157894736841813e-02,6.204562997636405182e-03
2.631578947368420907e-01,1.052631578947368363e-01,8.100100426832295905e-03
2.631578947368420907e-01,1.578947368421052544e-01,1.165795840161000865e-02
2.631578947368420907e-01,2.105263157894736725e-01,1.582422822410680524e-02
2.631578947368420907e-01,2.631578947368420907e-01,1.959489053488354393e-02
2.631578947368420907e-01,3.157894736842105088e-01,1.513387129479042137e-02
2.631578947368420907e-01,3.684210526315789269e-01,1.473155359143402121e-02
2.631578947368420907e-01,4.210526315789473450e-01,1.605032063048066407e-02
2.631578947368420907e-01,4.736842105263157632e-01,1.720026004140482248e-02
2.631578947368420907e-01,5.263157894736841813e-01,1.807744619496460398e-02
2.631578947368420907e-01,5.789473684210526550e-01,1.838577079025604036e-02
2.631578947368420907e-01,6.315789473684210176e-01,1.751681000954934467e-02
2.631578947368420907e-01,6.842105263157893802e-01,1.562430531519673135e-02
2.631578947368420907e-01,7.368421052631578538e-01,1.352262192413244447e-02
2.631578947368420907e-01,7.894736842105263275e-01,1.196187914622268492e-02
2.631578947368420907e-01,8.421052631578946901e-01,1.125291017348923998e-02
2.631578947368420907e-01,8.947368421052630527e-01,1.121927991099143374e-02
2.631578947368420907e-01,9.473684210526315264e-01,1.180332685518334715e-02
2.631578947368420907e-01,1.000000000000000000e+00,1.268867696296542037e-02
3.157894736842105088e-01,0.000000000000000000e+00,5.717422937341690159e-03
3.157894736842105088e-01,5.263157894736841813e-02,6.144646697908691911e-03
3.157894736842105088e-01,1.052631578947368363e-01,9.173696798003351180e-03
3.157894736842105088e-01,1.578947368421052544e-01,1.391727816105687264e-02
3.157894736842105088e-01,2.105263157894736725e-01,1.949841251164633610e-02
3.157894736842105088e-01,2.631578947368420907e-01,2.164882505766813764e-02
3.157894736842105088e-01,3.157894736842105088e-01,1.851206826338978526e-02
3.157894736842105088e-01,3.684210526315789269e-01,1.571817132347362242e-02
3.157894736842105088e-01,4.210526315789473450e-01,1.506105668116269891e-02
3.157894736842105088e-01,4.736842105263157632e-01,1.563560582507255228e-02
3.157894736842105088e-01,5.263157894736841813e-01,1.660721118147109876e-02
3.157894736842105088e-01,5.789473684210526550e-01,1.737706232271569659e-02
3.157894736842105088e-01,6.315789473684210176e-01,1.689332448451411409e-02
3.157894736842105088e-01,6.842105263157893802e-01,1.519766499458492792e-02
3.157894736842105088e-01,7.368421052631578538e-01,1.343803178659888631e-02
3.157894736842105088e-01,7.894736842105263275e-01,1.200170060086677357e-02
3.157894736842105088e-01,8.421052631578946901e-01,1.116613158463183181e-02
3.157894736842105088e-01,8.947368421052630527e-01,1.094404504935686875e-02
3.157894736842105088e-01,9.473684210526315264e-01,1.143822155927879877e-02
3.157894736842105088e-01,1.000000000000000000e+00,1.233938819745339019e-02
3.684210526315789269e-01,0.000000000000000000e+00,5.644847866595621363e-03
3.684210526315789269e-01,5.263157894736841813e-02,6.339539622380438791e-03
3.684210526315789269e-01,1.052631578947368363e-01,1.078549172630107952e-02
3.684210526315789269e-01,1.578947368421052544e-01,1.661372314605520303e-02
3.684210526315789269e-01,2.105263157894736725e-01,2.243293690026385706e-02
3.684210526315789269e-01,2.631578947368420907e-01,2.406130555335231000e-02
3.684210526315789269e-01,3.157894736842105088e-01,2.184810321849808140e-02
3.684210526315789269e-01,3.684210526315789269e-01,1.891491330221966097e-02
3.684210526315789269e-01,4.210526315789473450e-01,1.669798603515430108e-02
3.684210526315789269e-01,4.736842105263157632e-01,1.550302450352875408e-02
3.684210526315789269e-01,5.263157894736841813e-01,1.541721233374238574e-02
3.684210526315789269e-01,5.789473684210526550e-01,1.636983635936633402e-02
3.684210526315789269e-01,6.315789473684210176e-01,1.649241404061575073e-02
3.684210526315789269e-01,6.842105263157893802e-01,1.515698668766121693e-02
3.684210526315789269e-01,7.368421052631578538e-01,1.379735458243952495e-02
3.684210526315789269e-01,7.894736842105263275e-01,1.250311487583774007e-02
3.684210526315789269e-01,8.421052631578946901e-01,1.142748755725246125e-02
3.684210526315789269e-01,8.947368421052630527e-01,1.093857340220996330e-02
3.684210526315789269e-01,9.473684210526315264e-01,1.126640242749947160e-02
3.684210526315789269e-01,1.000000000000000000e+00,1.225034091192010212e-02
4.210526315789473450e-01,0.000000000000000000e+00,5.706515106588479040e-03
4.210526315789473450e-01,5.263157894736841813e-02,6.810581741831486444e-03
4.210526315789473450e-01,1.052631578947368363e-01,1.310987254824473591e-02
4.210526315789473450e-01,1.578947368421052544e-01,2.013370798582745161e-02
4.210526315789473450e-01,2.105263157894736725e-01,2.529284202408804694e-02
4.210526315789473450e-01,2.631578947368420907e-01,2.649233229014281293e-02
4.210526315789473450e-01,3.157894736842105088e-01,2.477811409324456524e-02
4.210526315789473450e-01,3.684210526315789269e-01,2.244696729277185360e-02
4.210526315789473450e-01,4.210526315789473450e-01,2.037461176570316487e-02
4.210526315789473450e-01,4.736842105263157632e-01,1.862186113824930780e-02
4.210526315789473450e-01,5.263157894736841813e-01,1.716001311434331086e-02
4.210526315789473450e-01,5.789473684210526550e-01,1.518237173349760126e-02
4.210526315789473450e-01,6.315789473684210176e-01,1.713242921534737992e-02
4.210526315789473450e-01,6.842105263157893802e-01,1.596006833849633599e-02
4.210526315789473450e-01,7.368421052631578538e-01,1.487504879494737885e-02
4.210526315789473450e-01,7.894736842105263275e-01,1.348984341730053403e-02
4.210526315789473450e-01,8.421052631578946901e-01,1.223646527296919431e-02
4.210526315789473450e-01,8.947368421052630527e-01,1.137786793459441559e-02
4.210526315789473450e-01,9.473684210526315264e-01,1.132042847840832207e-02
4.210526315789473450e-01,1.000000000000000000e+00,1.229349456055882882e-02
4.736842105263157632e-01,0.000000000000000000e+00,6.002517827305627399e-03
4.736842105263157632e-01,5.263157894736841813e-02,7.308810277517329215e-03
4.736842105263157632e-01,1.052631578947368363e-01,1.640193043913784968e-02
4.736842105263157632e-01,1.578947368421052544e-01,2.366422340029024698e-02
4.736842105263157632e-01,2.105263157894736725e-01,2.786563962251097440e-02
4.736842105263157632e-01,2.631578947368420907e-01,2.838354566508955942e-02
4.736842105263157632e-01,3.157894736842105088e-01,2.678789759317030256e-02
4.736842105263157632e-01,3.684210526315789269e-01,2.485257484338593628e-02
4.736842105263157632e-01,4.210526315789473450e-01,2.317034954933954935e-02
4.736842105263157632e-01,4.736842105263157632e-01,2.150788809658218254e-02
4.736842105263157632e-01,5.263157894736841813e-01,1.929265286920203715e-02
4.736842105263157632e-01,5.789473684210526550e-01,1.413928150792375868e-02
4.736842105263157632e-01,6.315789473684210176e-01,1.523296633512607155e-02
4.736842105263157632e-01,6.842105263157893802e-01,1.634585441533081135e-02
4.736842105263157632e-01,7.368421052631578538e-01,1.611522166261767156e-02
4.736842105263157632e-01,7.894736842105263275e-01,1.502121305959878104e-02
4.736842105263157632e-01,8.421052631578946901e-01,1.334025483208166850e-02
4.736842105263157632e-01,8.947368421052630527e-01,1.199121449349219506e-02
4.736842105263157632e-01,9.473684210526315264e-01,1.148742499811033699e-02
4.736842105263157632e-01,1.000000000000000000e+00,1.244300720503788323e-02
5.263157894736841813e-01,0.000000000000000000e+00,6.824504755406045342e-03
5.263157894736841813e-01,5.263157894736841813e-02,8.156517918107250228e-03
5.263157894736841813e-01,1.052631578947368363e-01,2.075823237916574887e-02
5.263157894736841813e-01,1.578947368421052544e-01,2.686090798787176687e-02
5.263157894736841813e-01,2.105263157894736725e-01,2.939977736151261345e-02
5.263157894736841813e-01,2.631578947368420907e-01,2.897256174621116662e-02
5.263157894736841813e-01,3.157894736842105088e-01,2.737233456470410456e-02
5.263157894736841813e-01,3.684210526315789269e-01,2.559580789857839739e-02
5.263157894736841813e-01,4.210526315789473450e-01,2.372846274998814328e-02
5.263157894736841813e-01,4.736842105263157632e-01,2.106836801196516548e-02
5.263157894736841813e-01,5.263157894736841813e-01,1.690349589381287543e-02
5.263157894736841813e-01,5.789473684210526550e-01,1.239515167622864435e-02
5.263157894736841813e-01,6.315789473684210176e-01,1.234658941447222026e-02
5.263157894736841813e-01,6.842105263157893802e-01,1.477766400487531308e-02
5.263157894736841813e-01,7.368421052631578538e-01,1.616010710698171857e-02
5.263157894736841813e-01,7.894736842105263275e-01,1.613277637396614075e-02
5.263157894736841813e-01,8.421052631578946901e-01,1.480499191702751814e-02
5.263157894736841813e-01,8.947368421052630527e-01,1.296932001616121245e-02
5.263157894736841813e-01,9.473684210526315264e-01,1.192952903485922783e-02
5.263157894736841813e-01,1.000000000000000000e+00,1.278147574682356527e-02
5.789473684210526550e-01,0.000000000000000000e+00,8.978041523809161817e-03
5.789473684210526550e-01,5.263157894736841813e-02,1.143667864983682891e-02
5.789473684210526550e-01,1.052631578947368363e-01,2.556741835876524815e-02
5.789473684210526550e-01,1.578947368421052544e-01,2.820313696350806171e-02
5.789473684210526550e-01,2.105263157894736725e-01,2.824561345851863553e-02
5.789473684210526550e-01,2.631578947368420907e-01,2.738889273752814768e-02
5.789473684210526550e-01,3.157894736842105088e-01,2.630566402215014227e-02
5.789473684210526550e-01,3.684210526315789269e-01,2.493871090182981504e-02
5.789473684210526550e-01,4.210526315789473450e-01,2.290884656387933566e-02
5.789473684210526550e-01,4.736842105263157632e-01,1.945797864086160067e-02
5.789473684210526550e-01,5.263157894736841813e-01,1.466048149813966618e-02
5.789473684210526550e-01,5.789473684210526550e-01,1.037352729839187068e-02
5.789473684210526550e-01,6.315789473684210176e-01,9.847222441990401837e-03
5.789473684210526550e-01,6.842105263157893802e-01,1.187996127387214683e-02
5.789473684210526550e-01,7.368421052631578538e-01,1.458151256589848219e-02
5.789473684210526550e-01,7.894736842105263275e-01,1.623397667208480860e-02
5.789473684210526550e-01,8.421052631578946901e-01,1.604005598724005804e-02
5.789473684210526550e-01,8.947368421052630527e-01,1.410834610433436831e-02
5.789473684210526550e-01,9.473684210526315264e-01,1.236622755504684576e-02
5.789473684210526550e-01,1.000000000000000000e+00,1.339565358158248919e-02
6.315789473684210176e-01,0.000000000000000000e+00,2.496892991480755691e-02
6.315789473684210176e-01,5.263157894736841813e-02,7.744089265464729199e-03
6.315789473684210176e-01,1.052631578947368363e-01,1.593180006758814632e-02
6.315789473684210176e-01,1.578947368421052544e-01,1.952170245925078859e-02
6.315789473684210176e-01,2.105263157894736725e-01,2.158896064183320890e-02
6.315789473684210176e-01,2.631578947368420907e-01,2.290973129188815863e-02
6.315789473684210176e-01,3.157894736842105088e-01,2.366984096079541994e-02
6.315789473684210176e-01,3.684210526315789269e-01,2.343621925396203315e-02
6.315789473684210176e-01,4.210526315789473450e-01,2.166320350499373326e-02
6.315789473684210176e-01,4.736842105263157632e-01,1.778627286836710272e-02
6.315789473684210176e-01,5.263157894736841813e-01,1.260202765351050094e-02
6.315789473684210176e-01,5.789473684210526550e-01,8.297965146382183313e-03
6.315789473684210176e-01,6.315789473684210176e-01,7.693002466224824372e-03
6.315789473684210176e-01,6.842105263157893802e-01,9.152043240979956806e-03
6.315789473684210176e-01,7.368421052631578538e-01,1.160557984883813475e-02
6.315789473684210176e-01,7.894736842105263275e-01,1.461768741262498873e-02
6.315789473684210176e-01,8.421052631578946901e-01,1.645989956647391991e-02
6.315789473684210176e-01,8.947368421052630527e-01,1.556168647317760292e-02
6.315789473684210176e-01,9.473684210526315264e-01,1.298089360116141955e-02
6.315789473684210176e-01,1.000000000000000000e+00,1.461831133772676164e-02
6.842105263157893802e-01,0.000000000000000000e+00,1.838392421334606244e-02
6.842105263157893802e-01,5.263157894736841813e-02,4.748377589113057622e-03
6.842105263157893802e-01,1.052631578947368363e-01,6.987007512462574052e-03
6.842105263157893802e-01,1.578947368421052544e-01,8.333713302119825223e-03
6.842105263157893802e-01,2.105263157894736725e-01,1.204438607175898138e-02
6.842105263157893802e-01,2.631578947368420907e-01,1.619489683703480287e-02
6.842105263157893802e-01,3.157894736842105088e-01,1.978883722145795970e-02
6.842105263157893802e-01,3.684210526315789269e-01,2.152922656917540672e-02
6.842105263157893802e-01,4.210526315789473450e-01,2.047610375106694025e-02
6.842105263157893802e-01,4.736842105263157632e-01,1.625036332550296517e-02
6.842105263157893802e-01,5.263157894736841813e-01,1.053889869561503399e-02
6.842105263157893802e-01,5.789473684210526550e-01,6.356080007761093047e-03
6.842105263157893802e-01,6.315789473684210176e-01,5.877404008500322977e-03
6.842105263157893802e-01,6.842105263157893802e-01,6.996712007494826358e-03
6.842105263157893802e-01,7.368421052631578538e-01,8.895074880566698761e-03
6.842105263157893802e-01,7.894736842105263275e-01,1.166622798072924384e-02
6.842105263157893802e-01,8.421052631578946901e-01,1.485550268714707321e-02
6.842105263157893802e-01,8.947368421052630527e-01,1.682904188405937723e-02
6.842105263157893802e-01,9.473684210526315264e-01,1.392538061217226883e-02
6.842105263157893802e-01,1.000000000000000000e+00,1.817721185587010610e-02
7.368421052631578538e-01,0.000000000000000000e+00,1.364736845811743114e-02
7.368421052631578538e-01,5.263157894736841813e-02,4.091981226054484770e-03
7.368421052631578538e-01,1.052631578947368363e-01,5.657008682283881131e-03
7.368421052631578538e-01,1.578947368421052544e-01,5.834989260654285109e-03
7.368421052631578538e-01,2.105263157894736725e-01,6.712087369290746681e-03
7.368421052631578538e-01,2.631578947368420907e-01,9.969130827689335131e-03
7.368421052631578538e-01,3.157894736842105088e-01,1.514190187962948311e-02
7.368421052631578538e-01,3.684210526315789269e-01,1.936716876367826703e-02
7.368421052631578538e-01,4.210526315789473450e-01,1.952008837335341210e-02
7.368421052631578538e-01,4.736842105263157632e-01,1.484608666822416143e-02
7.368421052631578538e-01,5.263157894736841813e-01,8.488759867476297627e-03
7.368421052631578538e-01,5.789473684210526550e-01,4.812561210472163058e-03
7.368421052631578538e-01,6.315789473684210176e-01,4.561357859813794206e-03
7.368421052631578538e-01,6.842105263157893802e-01,5.508994018480424353e-03
7.368421052631578538e-01,7.368421052631578538e-01,7.068894249314805825e-03
7.368421052631578538e-01,7.894736842105263275e-01,9.407059447027887530e-03
7.368421052631578538e-01,8.421052631578946901e-01,1.250462676119581604e-02
7.368421052631578538e-01,8.947368421052630527e-01,1.590643352755355053e-02
7.368421052631578538e-01,9.473684210526315264e-01,1.926799555509959780e-02
7.368421052631578538e-01,1.000000000000000000e+00,2.413747746863076707e-02
7.894736842105263275e-01,0.000000000000000000e+00,1.037393401085064983e-02
7.894736842105263275e-01,5.263157894736841813e-02,3.566588942911481409e-03
7.894736842105263275e-01,1.052631578947368363e-01,4.778379492671744680e-03
7.894736842105263275e-01,1.578947368421052544e-01,5.375738167940442500e-03
7.894736842105263275e-01,2.105263157894736725e-01,4.994104370723834521e-03
7.894736842105263275e-01,2.631578947368420907e-01,6.248330766983520822e-03
7.894736842105263275e-01,3.157894736842105088e-01,1.043500418903573965e-02
7.894736842105263275e-01,3.684210526315789269e-01,1.673596421728292330e-02
7.894736842105263275e-01,4.210526315789473450e-01,1.879349217225754695e-02
7.894736842105263275e-01,4.736842105263157632e-01,1.334390141511048247e-02
7.894736842105263275e-01,5.263157894736841813e-01,6.479390659095057847e-03
7.894736842105263275e-01,5.789473684210526550e-01,3.758866252325809149e-03
7.894736842105263275e-01,6.315789473684210176e-01,3.728748845615459211e-03
7.894736842105263275e-01,6.842105263157893802e-01,4.544127585347257012e-03
7.894736842105263275e-01,7.368421052631578538e-01,6.051751292175376953e-03
7.894736842105263275e-01,7.894736842105263275e-01,8.297435596633307570e-03
7.894736842105263275e-01,8.421052631578946901e-01,1.130409191997601773e-02
7.894736842105263275e-01,8.947368421052630527e-01,1.455553755448348030e-02
7.894736842105263275e-01,9.473684210526315264e-01,1.499494515198450915e-02
7.894736842105263275e-01,1.000000000000000000e+00,1.561003407772542165e-02
8.421052631578946901e-01,0.000000000000000000e+00,8.138565996186609280e-03
8.421052631578946901e-01,5.263157894736841813e-02,3.128414750753575994e-03
8.421052631578946901e-01,1.052631578947368363e-01,4.099750342546221518e-03
8.421052631578946901e-01,1.578947368421052544e-01,5.175180260876958635e-03
8.421052631578946901e-01,2.105263157894736725e-01,5.032906910057541663e-03
8.421052631578946901e-01,2.631578947368420907e-01,4.867701137233646641e-03
8.421052631578946901e-01,3.157894736842105088e-01,6.752651558429788661e-03
8.421052631578946901e-01,3.684210526315789269e-01,1.304450749659449849e-02
8.421052631578946901e-01,4.210526315789473450e-01,1.828325889874708732e-02
8.421052631578946901e-01,4.736842105263157632e-01,1.149227815696684564e-02
8.421052631578946901e-01,5.263157894736841813e-01,4.783149508239954890e-03
8.421052631578946901e-01,5.789473684210526550e-01,3.131202410935271518e-03
8.421052631578946901e-01,6.315789473684210176e-01,3.207697294869586019e-03
8.421052631578946901e-01,6.842105263157893802e-01,4.128025229711144647e-03
8.421052631578946901e-01,7.368421052631578538e-01,5.819675272710681142e-03
8.421052631578946901e-01,7.894736842105263275e-01,8.253371058187524908e-03
8.421052631578946901e-01,8.421052631578946901e-01,1.129236644753658578e-02
8.421052631578946901e-01,8.947368421052630527e-01,1.442311293427390659e-02
8.421052631578946901e-01,9.473684210526315264e-01,1.522516625359282907e-02
8.421052631578946901e-01,1.000000000000000000e+00,1.460190069240153987e-02
8.947368421052630527e-01,0.000000000000000000e+00,6.698627798891579159e-03
8.947368421052630527e-01,5.263157894736841813e-02,2.743503618750670926e-03
8.947368421052630527e-01,1.052631578947368363e-01,3.498611844753795556e-03
8.947368421052630527e-01,1.578947368421052544e-01,4.998812252229809135e-03
8.947368421052630527e-01,2.105263157894736725e-01,5.326472464848709502e-03
8.947368421052630527e-01,2.631578947368420907e-01,5.254517070791534308e-03
8.947368421052630527e-01,3.157894736842105088e-01,5.431806604767995192e-03
8.947368421052630527e-01,3.684210526315789269e-01,8.032410467211885743e-03
8.947368421052630527e-01,4.210526315789473450e-01,1.758187724256897455e-02
8.947368421052630527e-01,4.736842105263157632e-01,8.696203077734712336e-03
8.947368421052630527e-01,5.263157894736841813e-01,3.811047472236461873e-03
8.947368421052630527e-01,5.789473684210526550e-01,2.865910200800185666e-03
8.947368421052630527e-01,6.315789473684210176e-01,3.150453909632461476e-03
8.947368421052630527e-01,6.842105263157893802e-01,4.428000705768275931e-03
8.947368421052630527e-01,7.368421052631578538e-01,6.301839230302651133e-03
8.947368421052630527e-01,7.894736842105263275e-01,9.015183368227630209e-03
8.947368421052630527e-01,8.421052631578946901e-01,1.204001239594214810e-02
8.947368421052630527e-01,8.947368421052630527e-01,1.514461482683917073e-02
8.947368421052630527e-01,9.473684210526315264e-01,1.577966503828669848e-02
8.947368421052630527e-01,1.000000000000000000e+00,1.488831503964351335e-02
9.473684210526315264e-01,0.000000000000000000e+00,5.862870348299122243e-03
9.473684210526315264e-01,5.263157894736841813e-02,2.416099321415641609e-03
9.473684210526315264e-01,1.052631578947368363e-01,2.832621083875067926e-03
9.473684210526315264e-01,1.578947368421052544e-01,4.811085917643559765e-03
9.473684210526315264e-01,2.105263157894736725e-01,5.662121853962902122e-03
9.473684210526315264e-01,2.631578947368420907e-01,5.962123149271102152e-03
9.473684210526315264e-01,3.157894736842105088e-01,6.261698588718177076e-03
9.473684210526315264e-01,3.684210526315789269e-01,6.691382418446192686e-03
9.473684210526315264e-01,4.210526315789473450e-01,1.194166891463019006e-02
9.473684210526315264e-01,4.736842105263157632e-01,5.882920212325173752e-03
9.473684210526315264e-01,5.263157894736841813e-01,3.775599889082212942e-03
9.473684210526315264e-01,5.789473684210526550e-01,3.193750483212079265e-03
9.473684210526315264e-01,6.315789473684210176e-01,3.935609710176948134e-03
9.473684210526315264e-01,6.842105263157893802e-01,5.270186467038589714e-03
9.473684210526315264e-01,7.368421052631578538e-01,7.424750386779660309e-03
9.473684210526315264e-01,7.894736842105263275e-01,1.030779176582744851e-02
9.473684210526315264e-01,8.421052631578946901e-01,1.358351574903245498e-02
9.473684210526315264e-01,8.947368421052630527e-01,1.589878772576217708e-02
9.473684210526315264e-01,9.473684210526315264e-01,1.634176775234793405e-02
9.473684210526315264e-01,1.000000000000000000e+00,1.537796537802251819e-02
1.000000000000000000e+00,0.000000000000000000e+00,5.588480768933127077e-03
1.000000000000000000e+00,5.263157894736841813e-02,2.630095113250816539e-03
1.000000000000000000e+00,1.052631578947368363e-01,2.703322562243428220e-03
1.000000000000000000e+00,1.578947368421052544e-01,4.784194623543493174e-03
1.000000000000000000e+00,2.105263157894736725e-01,5.901423216458544924e-03
1.000000000000000000e+00,2.631578947368420907e-01,6.380530284111817114e-03
1.000000000000000000e+00,3.157894736842105088e-01,6.839081926544646022e-03
1.000000000000000000e+00,3.684210526315789269e-01,7.432642244578101416e-03
1.000000000000000000e+00,4.210526315789473450e-01,7.637882552224761930e-03
1.000000000000000000e+00,4.736842105263157632e-01,7.958381909312429656e-03
1.000000000000000000e+00,5.263157894736841813e-01,5.275643304355788835e-03
1.000000000000000000e+00,5.789473684210526550e-01,4.749078940865415419e-03
1.000000000000000000e+00,6.315789473684210176e-01,5.354387984555055921e-03
1.000000000000000000e+00,6.842105263157893802e-01,6.911933857191365944e-03
1.000000000000000000e+00,7.368421052631578538e-01,9.230967959136443524e-03
1.000000000000000000e+00,7.894736842105263275e-01,1.185360068826145710e-02
1.000000000000000000e+00,8.421052631578946901e-01,1.479684791453341787e-02
1.000000000000000000e+00,8.947368421052630527e-01,1.658892394927788394e-02
1.000000000000000000e+00,9.473684210526315264e-01,1.683180327100130755e-02
1.000000000000000000e+00,1.000000000000000000e+00,1.587406546180885475e-02
